2 0.62734375 0.18984375 0.0703125 0.0734375
2 0.478125 0.19296875 0.059375 0.0703125
2 0.3328125 0.1625 0.0578125 0.059375
2 0.20390625 0.1359375 0.059375 0.0640625
2 0.1609375 0.33203125 0.065625 0.0625
2 0.259375 0.34375 0.0828125 0.084375
2 0.3765625 0.31875 0.0703125 0.065625
2 0.4828125 0.35859375 0.0671875 0.065625
2 0.58984375 0.3890625 0.0671875 0.059375
2 0.4796875 0.4296875 0.059375 0.05625
2 0.346875 0.53671875 0.0625 0.05625
1 0.553125 0.63828125 0.2046875 0.5625
1 0.44140625 0.6578125 0.1796875 0.5546875
1 0.3234375 0.71640625 0.1734375 0.415625
1 0.22734375 0.60234375 0.203125 0.5890625
1 0.128125 0.56953125 0.196875 0.5625