1 0.50859375 0.4515625 0.2078125 0.8640625
1 0.87109375 0.52265625 0.121875 0.6015625
1 0.77421875 0.4984375 0.165625 0.7296875
1 0.6546875 0.490625 0.1953125 0.8203125
1 0.36171875 0.46953125 0.190625 0.840625
1 0.24453125 0.4859375 0.1578125 0.775
1 0.15078125 0.49140625 0.1515625 0.6625
2 0.87890625 0.259375 0.05625 0.0734375
2 0.79140625 0.1765625 0.0625 0.078125
2 0.6734375 0.11953125 0.075 0.084375
2 0.53046875 0.06171875 0.084375 0.0796875
2 0.39140625 0.1015625 0.075 0.0828125
2 0.26640625 0.1375 0.0671875 0.0828125
2 0.1640625 0.209375 0.071875 0.1109375