1 0.4546875 0.584375 0.15 0.4671875
1 0.5984375 0.553125 0.1390625 0.428125
1 0.734375 0.5171875 0.1359375 0.428125
1 0.86484375 0.4796875 0.134375 0.446875
1 0.36015625 0.5203125 0.109375 0.446875
1 0.29296875 0.45078125 0.121875 0.421875
1 0.2296875 0.39296875 0.128125 0.390625
1 0.1640625 0.3484375 0.13125 0.3875
1 0.1078125 0.3171875 0.1484375 0.403125
2 0.09609375 0.15078125 0.0765625 0.078125
2 0.1484375 0.19140625 0.071875 0.06875
2 0.44140625 0.396875 0.09375 0.103125
2 0.3625 0.34765625 0.0765625 0.08125
2 0.2890625 0.28984375 0.0859375 0.078125
2 0.2234375 0.23828125 0.084375 0.084375
2 0.59375 0.35859375 0.08125 0.0875
2 0.50625 0.31484375 0.078125 0.078125
2 0.43125 0.26640625 0.08125 0.0875
2 0.3578125 0.21640625 0.078125 0.071875
2 0.2859375 0.16015625 0.0765625 0.0875
2 0.2265625 0.11953125 0.06875 0.0875
2 0.3515625 0.103125 0.06875 0.09375
2 0.725 0.3265625 0.0765625 0.1
2 0.63359375 0.2859375 0.078125 0.084375
2 0.56328125 0.2359375 0.0765625 0.09375
2 0.48125 0.18828125 0.090625 0.09375
2 0.41484375 0.14609375 0.0625 0.0875
2 0.853125 0.29453125 0.084375 0.0765625
2 0.75859375 0.24765625 0.084375 0.0796875
2 0.68984375 0.2015625 0.078125 0.09375
2 0.61171875 0.1609375 0.075 0.0796875
2 0.5375 0.1125 0.06875 0.08125
2 0.46484375 0.07265625 0.078125 0.078125