2 0.57265625 0.2984375 0.10390625 0.0828125
1 0.57265625 0.48125 0.153125 0.459375
1 0.8828125 0.56796875 0.11953125 0.321875
2 0.88125 0.4390625 0.06953125 0.053125
1 0.725 0.44765625 0.1734375 0.540625
2 0.72578125 0.19921875 0.090625 0.04296875
1 0.44609375 0.5515625 0.0984375 0.29296875
2 0.44296875 0.43203125 0.0828125 0.053125
1 0.32734375 0.56328125 0.11484375 0.31640625
2 0.3296875 0.4359375 0.08359375 0.0453125
1 0.16796875 0.446875 0.19765625 0.5953125
2 0.16171875 0.1796875 0.109375 0.0671875