2 0.42265625 0.1734375 0.0609375 0.0640625
2 0.56953125 0.2 0.05078125 0.0625
2 0.71796875 0.19296875 0.05078125 0.05234375
2 0.84921875 0.18671875 0.0515625 0.05703125
2 0.8609375 0.38671875 0.05859375 0.05390625
2 0.76171875 0.38359375 0.07265625 0.07421875
2 0.65 0.340625 0.0625 0.05625
2 0.5390625 0.36328125 0.059375 0.05625
2 0.42890625 0.3765625 0.059375 0.05078125
2 0.53125 0.43359375 0.053125 0.0484375
2 0.6453125 0.56015625 0.05625 0.0484375
1 0.42578125 0.628125 0.1203125 0.55
1 0.53359375 0.66484375 0.0953125 0.546875
1 0.640625 0.74140625 0.11171875 0.403125
1 0.753125 0.64375 0.11484375 0.578125
1 0.85625 0.6265625 0.11171875 0.55234375