2 0.5484375 0.16796875 0.065625 0.06875
2 0.4046875 0.20703125 0.05625 0.0671875
2 0.25625 0.21328125 0.0546875 0.05625
2 0.125 0.21796875 0.05625 0.0609375
2 0.13046875 0.41875 0.0625 0.059375
2 0.22890625 0.40703125 0.078125 0.0796875
2 0.33671875 0.3546875 0.0671875 0.0609375
2 0.44921875 0.3671875 0.0640625 0.0609375
2 0.56015625 0.37109375 0.0640625 0.05625
2 0.46328125 0.43671875 0.0578125 0.053125
2 0.36015625 0.57265625 0.0609375 0.053125
1 0.58515625 0.62109375 0.1671875 0.5578125
1 0.48125 0.6671875 0.1421875 0.553125
1 0.38125 0.753125 0.146875 0.4109375
1 0.26015625 0.665625 0.1640625 0.5859375
1 0.15625 0.65703125 0.159375 0.559375