1 0.49375 0.45078125 0.1625 0.85625
1 0.128125 0.503125 0.090625 0.596875
1 0.2265625 0.484375 0.12734375 0.72421875
1 0.34609375 0.4828125 0.15234375 0.8140625
1 0.63984375 0.4765625 0.14765625 0.834375
1 0.75625 0.49921875 0.1171875 0.7703125
1 0.84921875 0.509375 0.11796875 0.6578125
2 0.134375 0.23984375 0.05234375 0.0703125
2 0.22578125 0.16171875 0.059375 0.07578125
2 0.346875 0.1109375 0.0703125 0.08125
2 0.4921875 0.0609375 0.08046875 0.07578125
2 0.62890625 0.1078125 0.0703125 0.0796875
2 0.75234375 0.15 0.0625 0.0796875
2 0.85078125 0.22734375 0.06640625 0.10703125