1 0.51328125 0.45234375 0.2796875 0.8703125
1 0.86796875 0.5546875 0.1734375 0.603125
1 0.77265625 0.52265625 0.2265625 0.734375
1 0.6546875 0.5046875 0.2640625 0.8265625
1 0.36484375 0.45703125 0.2625 0.846875
1 0.24609375 0.46328125 0.2234375 0.7796875
1 0.153125 0.4609375 0.2078125 0.6671875
2 0.8984375 0.29296875 0.0609375 0.0765625
2 0.81875 0.203125 0.06875 0.0828125
2 0.70546875 0.1359375 0.08125 0.090625
2 0.56875 0.06640625 0.090625 0.0859375
2 0.4265625 0.09375 0.08125 0.0890625
2 0.2984375 0.11796875 0.0734375 0.0875
2 0.190625 0.18125 0.08125 0.115625