1 0.55234375 0.58046875 0.190625 0.478125
1 0.40625 0.56171875 0.1765625 0.4390625
1 0.26796875 0.5375 0.1734375 0.4390625
1 0.13515625 0.51171875 0.171875 0.45625
1 0.64140625 0.5078125 0.1484375 0.45625
1 0.70234375 0.4328125 0.1578125 0.43125
1 0.76015625 0.36953125 0.1609375 0.4
1 0.82109375 0.31953125 0.1640625 0.396875
1 0.875 0.28359375 0.1828125 0.4140625
2 0.871875 0.1171875 0.0828125 0.084375
2 0.8234375 0.16171875 0.0765625 0.0734375
2 0.54921875 0.3921875 0.1015625 0.1109375
2 0.6234375 0.3359375 0.0828125 0.0890625
2 0.6921875 0.271875 0.0921875 0.0859375
2 0.75234375 0.21484375 0.0921875 0.090625
2 0.39453125 0.3671875 0.0890625 0.09375
2 0.47734375 0.31640625 0.0859375 0.084375
2 0.5484375 0.2609375 0.0890625 0.09375
2 0.6171875 0.20546875 0.084375 0.0796875
2 0.68359375 0.14296875 0.084375 0.09375
2 0.7390625 0.096875 0.0765625 0.0921875
2 0.61328125 0.09140625 0.078125 0.1
2 0.2609375 0.346875 0.084375 0.10625
2 0.3484375 0.2984375 0.084375 0.090625
2 0.4140625 0.2421875 0.084375 0.1015625
2 0.49140625 0.1875 0.1 0.1015625
2 0.55390625 0.13984375 0.0703125 0.0921875
2 0.13046875 0.32578125 0.0921875 0.084375
2 0.2203125 0.27109375 0.0921875 0.0875
2 0.28515625 0.21953125 0.0875 0.1
2 0.359375 0.171875 0.08125 0.0859375
2 0.42890625 0.1171875 0.075 0.0859375
2 0.49765625 0.07109375 0.0859375 0.084375